#name	rank	LBI
276	1	7.853476841657542
191	2	7.83215232661196
421	3	4.964992879240253
497	4	4.921794541144845
189	5	4.897120960488242
305	6	4.741999538878113
216	7	4.707763717417222
516	8	3.9269539249645726
496	9	3.3759145687528074
306	10	3.0243417222096647
251	11	3.0240751913093855
116	12	2.7143345733785673
482	13	2.681307908691307
311	14	2.658420794000328
358	15	2.380420044749675
437	16	2.319306819482722
442	17	2.2101033796898424
532	18	2.1618601334608516
173	19	2.160002065412963
242	20	2.020389643603467
104	21	1.9887561882897116
513	22	1.9278591783964645
469	23	1.8817857752543599
307	24	1.8330012344394622
480	25	1.7896285308157895
190	26	1.7713138437168472
79	27	1.7558345778452598
395	28	1.7078064344559747
117	29	1.7036574422094415
185	30	1.6225416816474798
15	31	1.6222352877803177
521	32	1.5914970517553644
327	33	1.5771493101827319
444	34	1.5711674208920656
531	35	1.556195648145485
367	36	1.553221091504084
7	37	1.5342762989950356
166	38	1.455578219949401
102	39	1.4478594373191451
443	40	1.4348033514975176
241	41	1.4344424297598244
45	42	1.4251189495676428
134	43	1.4144637466628915
212	44	1.4084189546386154
85	45	1.3875818295626206
387	46	1.3595068494754703
237	47	1.357356964862586
490	48	1.3450327601758605
174	49	1.3285200602286587
266	50	1.3166761150839308
468	51	1.3024300420468702
382	52	1.2976548476334921
91	53	1.2909758829759665
404	54	1.2870063502684166
289	55	1.2814184916476665
353	56	1.2780879952327353
528	57	1.2502603988686236
423	58	1.2488475708241624
213	59	1.243346600618207
464	60	1.2135980332539356
109	61	1.2131518927622142
119	62	1.1811971496794482
126	63	1.178429682801377
27	64	1.1635137887391327
234	65	1.1418736638441223
36	66	1.121524116660569
114	67	1.119109721354624
379	68	1.1106163807373508
524	69	1.1014562842775169
49	70	1.1002188391724999
308	71	1.0969781298299455
325	72	1.0929659479706226
396	73	1.09126134469132
333	74	1.0848523533180823
186	75	1.0819958284123492
277	76	1.071233647146623
187	77	1.0618672586054503
240	78	1.0535435174989822
374	79	1.0497803800661099
121	80	1.0465068260725336
520	81	1.046199192819247
518	82	1.0374455254768644
133	83	1.032626199338364
16	84	1.0203839327682074
463	85	1.0144383267411603
169	86	1.01281288510605
30	87	1.0095458147376384
271	88	1.006379039222426
167	89	1.0059309935936083
130	90	1.0041366561954983
477	91	1.0002068264270216
438	92	0.9955827071653084
99	93	0.9927788951669728
430	94	0.9909456396525572
467	95	0.9855225454412866
368	96	0.9826589619141781
417	97	0.9799904164654349
236	98	0.9779702665947868
410	99	0.975041967399155
527	100	0.9716674227888977
316	101	0.9694958650971348
352	102	0.9669930880536023
66	103	0.9641377743581065
261	104	0.9624765318307021
299	105	0.9525499196783348
4	106	0.9474381421577959
370	107	0.9373727880227587
380	108	0.9371500503894062
491	109	0.9344475758578017
471	110	0.9231262549068764
55	111	0.9158593465309277
32	112	0.9034394434943219
450	113	0.9004817751039249
145	114	0.8937324092177306
349	115	0.8935809201033774
324	116	0.8935372889073104
344	117	0.8927277856397506
111	118	0.8901748991316978
238	119	0.8871480279268416
230	120	0.8793134223936416
48	121	0.8771651832897406
9	122	0.8743144698729093
414	123	0.8741842060292725
405	124	0.8718054982183956
267	125	0.8690173265685373
90	126	0.86634445275933
39	127	0.8638194678792179
67	128	0.863335803475327
320	129	0.8608146052958128
434	130	0.855586829033409
140	131	0.8542868471807858
37	132	0.8422348695784637
124	133	0.8419101205989048
270	134	0.8394249221934398
150	135	0.8361748637911978
440	136	0.8356954668318176
458	137	0.8321842436770911
415	138	0.8271411393789708
143	139	0.8239693869222661
120	140	0.8229092141780676
34	141	0.8157417936126675
456	142	0.8037641219801719
315	143	0.8037273739548421
478	144	0.802212928842831
343	145	0.800092003512012
278	146	0.7945806713782747
519	147	0.7933367886389695
506	148	0.7919605338210777
373	149	0.7915131442412324
332	150	0.7835658827953575
17	151	0.783408786547794
69	152	0.7748259089513998
536	153	0.7697836964133212
323	154	0.7662821731580578
403	155	0.7643330254461511
165	156	0.7618415426112656
76	157	0.7531393725330917
357	158	0.751401864581607
346	159	0.7507265139292202
449	160	0.7451626512422569
127	161	0.7438396260636244
407	162	0.7378057945017542
71	163	0.7364169349604275
514	164	0.7359867843389906
460	165	0.7354326113433954
384	166	0.7318619928412444
300	167	0.7296515530687815
494	168	0.729010915354479
137	169	0.7284734531381446
388	170	0.7267952035662902
13	171	0.725949031602604
229	172	0.7248971994179072
432	173	0.7242257774949038
3	174	0.7205072348953104
50	175	0.7203371611941967
408	176	0.7190933598884599
112	177	0.71850361267334
53	178	0.7160217089621312
526	179	0.7153748368919307
326	180	0.7145843108127221
43	181	0.7120054533258242
369	182	0.7083105528565177
452	183	0.7066019479567696
42	184	0.7014048041027525
350	185	0.7000215947765965
188	186	0.6992974662097595
164	187	0.6967348449586499
94	188	0.6957014626507118
168	189	0.6842282079829873
207	190	0.6777664775812307
341	191	0.6739916613206023
485	192	0.6670001012227739
86	193	0.6647833264639148
147	194	0.6628553834968363
348	195	0.6604061504816441
479	196	0.6590926585151581
103	197	0.6575890357052685
199	198	0.6569640394557135
318	199	0.6560565267686513
448	200	0.6558897089789375
269	201	0.652508803048117
33	202	0.6524706501951048
160	203	0.650995223019468
217	204	0.6493551364381881
231	205	0.6492437605960867
51	206	0.6490674461261081
392	207	0.6474202972313232
313	208	0.6459346169053081
163	209	0.636563541582911
435	210	0.6351205664509192
483	211	0.6344111631610333
309	212	0.6328941945112164
61	213	0.6327995940427944
74	214	0.627641183949531
154	215	0.6267584170793232
224	216	0.618837063073275
252	217	0.6168299835812914
233	218	0.6166286876606109
248	219	0.6156045986844714
296	220	0.6148707320385244
510	221	0.6116996601313494
446	222	0.6078043949379779
80	223	0.6074719174384392
426	224	0.6070555775516114
38	225	0.6058851389591814
159	226	0.6049697169939137
301	227	0.6049207483604112
488	228	0.6038000221398382
389	229	0.6032105947748683
75	230	0.6032045048207366
40	231	0.5986510515099344
375	232	0.5967651851127279
385	233	0.5952622558208356
96	234	0.5943207445346067
372	235	0.5932695803756041
28	236	0.5918152778383163
206	237	0.5906832412059682
92	238	0.5861429621093901
162	239	0.5861063513768808
58	240	0.5855609261789847
453	241	0.5841391391021908
25	242	0.5817503961539539
235	243	0.580280512388628
321	244	0.5757665622329425
429	245	0.5721795640730811
493	246	0.5715707477908465
302	247	0.5674966616304967
228	248	0.5674724325722131
411	249	0.5672449127907653
525	250	0.5666085776982135
87	251	0.5641723214360838
381	252	0.5613228830915684
77	253	0.555719827591307
399	254	0.5552757006860737
125	255	0.5538711883445517
472	256	0.5532873587490141
393	257	0.5532626693382875
95	258	0.5523006909496196
534	259	0.5507263255513974
310	260	0.548677803178306
180	261	0.5477349191407156
331	262	0.547339535332177
54	263	0.5441014572936357
151	264	0.5402078719443955
351	265	0.5398187122261173
508	266	0.538990655213631
5	267	0.5386226781287311
107	268	0.5381714267850858
68	269	0.5379250423834108
218	270	0.5365948383980789
10	271	0.532559496783475
1	272	0.5322026632333995
509	273	0.531539172210051
52	274	0.5263882589271217
46	275	0.5245395618507351
8	276	0.5187418511457655
314	277	0.5171085569051163
24	278	0.5165242557893273
492	279	0.5129289827291947
142	280	0.5117537164086875
366	281	0.5115769414538768
371	282	0.5109511418935639
342	283	0.5108849531380373
211	284	0.5089462894367401
377	285	0.5061144418079013
328	286	0.5060694612961484
487	287	0.5050462258322043
200	288	0.501128259940281
422	289	0.49989032799047345
158	290	0.4993832149352213
84	291	0.497314109603052
83	292	0.4971046212412609
232	293	0.4948927703756957
197	294	0.49285747183916684
62	295	0.49162906492297975
418	296	0.4898994378484458
459	297	0.4859930997959858
489	298	0.4843010497667881
402	299	0.48386470805886417
484	300	0.4838151165592135
263	301	0.4833055629203168
250	302	0.4829109351017451
198	303	0.4828113469113215
529	304	0.48247143177522045
335	305	0.4813576505461327
14	306	0.4808510741204385
312	307	0.477776502310427
512	308	0.4772320348959217
498	309	0.4753995179484194
152	310	0.47470310178665065
105	311	0.47097399189854844
249	312	0.4702695534362643
454	313	0.47003296335084793
181	314	0.46881734455412966
175	315	0.46867378267941906
293	316	0.468622325700168
257	317	0.46634309358536363
461	318	0.4653248113588085
470	319	0.46394162463126737
507	320	0.46223674429186645
56	321	0.4616742713947936
447	322	0.4612282772201147
205	323	0.46092503983399635
473	324	0.4606314963097125
363	325	0.45611943300312
73	326	0.4559148651202256
128	327	0.4535064795007043
146	328	0.452911137467953
394	329	0.452025306509698
220	330	0.45123855821814784
274	331	0.44499330699484285
44	332	0.43738552192146507
78	333	0.4361178120679164
419	334	0.43592923723339194
136	335	0.4357800134992377
398	336	0.43345972153861156
148	337	0.43292672710198593
445	338	0.4326995476176033
462	339	0.42904269121442207
2	340	0.4283084055923746
522	341	0.42797599987359725
259	342	0.4273725028631332
376	343	0.426535686506793
386	344	0.4264796226519137
110	345	0.42324310684082356
409	346	0.4209114863407001
495	347	0.4208509425978946
113	348	0.41927645183063833
255	349	0.4180383942598604
515	350	0.41745967028730063
93	351	0.4165149008985425
504	352	0.4148331542707915
11	353	0.4142377825553991
226	354	0.41332358789863244
290	355	0.41228210238961943
82	356	0.41097631859739925
537	357	0.41028327037060164
337	358	0.40977140863677086
260	359	0.4096904356553782
383	360	0.40876849000460996
106	361	0.4085572686923514
339	362	0.408551627756123
194	363	0.407371853051418
138	364	0.4071726947321701
334	365	0.4062694389469116
135	366	0.4060422735344547
362	367	0.40488044249205973
209	368	0.4019814123110445
330	369	0.39753826542446546
22	370	0.39739443075140984
47	371	0.39343662982912975
474	372	0.39268669142366847
29	373	0.39130212150794985
18	374	0.38923325046278434
272	375	0.3886622593436324
21	376	0.3878735665554654
97	377	0.38644752661310144
201	378	0.38557211715945894
19	379	0.3827521928241956
501	380	0.38152149252908957
439	381	0.3812464155309438
317	382	0.3784551610785654
12	383	0.37794871282914855
182	384	0.375772351035427
214	385	0.3734038980055188
208	386	0.36991805124078925
153	387	0.36832579437703555
364	388	0.36803660364545004
264	389	0.36778617205697883
245	390	0.36579980864857486
60	391	0.361828901816053
144	392	0.3617303087774485
345	393	0.3600149687324098
390	394	0.3593827434261644
412	395	0.3584220022504651
221	396	0.35746074174681663
294	397	0.3568608070843212
155	398	0.35637417204510535
244	399	0.3560049901814523
511	400	0.3535271045632612
297	401	0.3507417242421255
275	402	0.3499172383544761
129	403	0.34955476477618697
400	404	0.3490359829489342
243	405	0.34853721300591567
171	406	0.3467140928118926
466	407	0.3460831199541983
215	408	0.34595357129140425
356	409	0.34586228206681896
465	410	0.3443765675978634
292	411	0.3442019732964633
303	412	0.34368571793048824
451	413	0.3426772617489753
23	414	0.3422252089810561
141	415	0.3394562129479718
35	416	0.3382367813073559
131	417	0.3381720421846797
502	418	0.33812054545747494
72	419	0.33484057878010215
203	420	0.3335282301337835
486	421	0.33337659084818333
436	422	0.3320372436483632
26	423	0.33182873231495386
499	424	0.33162384633244
193	425	0.33052049574666276
227	426	0.3295066716052409
535	427	0.3293655616452438
115	428	0.32905227421045113
523	429	0.3262232690320779
156	430	0.32603963749128384
100	431	0.3222332829112368
280	432	0.3196160002667795
31	433	0.31751055241188086
503	434	0.31683294803282647
517	435	0.3144694079734615
329	436	0.31431710127046614
65	437	0.31223298170359914
59	438	0.3096041253449809
225	439	0.30607171467481414
355	440	0.3056111218480602
279	441	0.30520164907067737
424	442	0.30486246885653717
425	443	0.30486246885653717
239	444	0.3045268098485094
57	445	0.30390077344093197
481	446	0.3033898142029542
157	447	0.3029443865206297
183	448	0.2999960968442162
391	449	0.29931233220048487
6	450	0.29845897148687683
222	451	0.29838659522016747
98	452	0.298356798868
413	453	0.2980484955023265
196	454	0.29785263830482184
295	455	0.2971539429700498
81	456	0.29715176530910303
41	457	0.29661620364831803
347	458	0.29577676881834997
304	459	0.2954369293357887
322	460	0.2946664033956364
172	461	0.2931595755903603
416	462	0.29267360762228034
149	463	0.29196280507950934
122	464	0.2910839904946075
123	465	0.28947549127282945
70	466	0.2893252075263968
219	467	0.28797459236771883
108	468	0.2877387841753316
475	469	0.28763083456683297
101	470	0.2870885884300791
177	471	0.2867170218986838
428	472	0.28648133016079913
360	473	0.28641377555151437
457	474	0.28404573076735495
210	475	0.2814017763230206
262	476	0.2796077527632244
246	477	0.27878615981138466
178	478	0.2783602506983176
431	479	0.27760305381552
281	480	0.27437471981072714
204	481	0.2738563065596279
63	482	0.2726278300389006
427	483	0.2718623419107469
283	484	0.2687677226686864
118	485	0.26867328983121574
64	486	0.2650298504093394
256	487	0.26449729715984843
288	488	0.26267509853101884
340	489	0.2584401508243326
282	490	0.25376970799334975
179	491	0.2530832237794517
195	492	0.25269566079743594
161	493	0.24649879001500982
202	494	0.24527307226778133
176	495	0.24377077950990977
254	496	0.2422553421604689
505	497	0.23989626272851095
336	498	0.23756884092133584
286	499	0.23746806854756333
365	500	0.23522536115586845
284	501	0.23475901234823227
359	502	0.23424830527860432
378	503	0.22990285134662852
397	504	0.22854436285337398
500	505	0.2281850068063529
265	506	0.22205852738504123
273	507	0.2193552025836718
361	508	0.21915967081868315
132	509	0.21908750539059296
170	510	0.21667929596920243
258	511	0.2162248735124569
455	512	0.21462986259774675
406	513	0.20623218001116495
354	514	0.20444040207139125
441	515	0.2017582899365412
192	516	0.20049635502327434
88	517	0.19738927913846827
184	518	0.1962386867308064
223	519	0.19531645497867228
139	520	0.19389479530655934
476	521	0.18909440291326501
20	522	0.18880202915329175
247	523	0.18408555988695885
533	524	0.1786156340113096
298	525	0.17646778610799563
530	526	0.17636900337383965
89	527	0.16656426736409524
433	528	0.16063596152411103
253	529	0.160470750996357
319	530	0.1559294183404169
268	531	0.15492574901429806
401	532	0.15079616776008686
420	533	0.14669628991079037
291	534	0.13418057611840034
338	535	0.1332861986706642
285	536	0.13302577060141096
287	537	0.13302577060141096
