#name	rank	LBI
278	1	7.803768257143457
192	2	7.620351428998165
190	3	4.618175971192597
307	4	4.560881578048431
217	5	4.437736679565788
308	6	2.8378808363369314
207	7	2.814594770064278
252	8	2.7959900645686697
117	9	2.6151222426976073
384	10	2.4040939839636657
174	11	2.17726973659851
313	12	2.1332052506519137
243	13	2.027616199614415
15	14	1.745063513794576
104	15	1.7386553084978347
375	16	1.7205974139087987
329	17	1.6767256330265827
309	18	1.6747786244235148
408	19	1.6436904831827608
411	20	1.6107884281720322
118	21	1.5990693565016683
191	22	1.5788312590484532
7	23	1.5284159577407292
404	24	1.5197490856460152
186	25	1.4760065109450844
135	26	1.4680031610546114
275	27	1.4332801928743766
167	28	1.4244286342204453
84	29	1.4201788123550365
350	30	1.4156644546271986
242	31	1.4038473691122417
45	32	1.383828512537319
269	33	1.3830559550692954
238	34	1.3501846166113216
354	35	1.345625383356081
175	36	1.300503893487253
274	37	1.2686577632336364
102	38	1.2630845608083043
409	39	1.2289755508708684
370	40	1.2221396145319658
127	41	1.220060766342049
91	42	1.1938578127548756
291	43	1.1605892720829059
235	44	1.1568249276941185
49	45	1.13775628259812
374	46	1.1292391582238845
349	47	1.1148154203976781
27	48	1.1140911736668508
399	49	1.0934858778315855
336	50	1.0917554900236968
141	51	1.0854226138518541
16	52	1.0620312323409555
36	53	1.0608886701083775
115	54	1.0535817002031889
134	55	1.0378529514513046
241	56	1.0338138358476934
188	57	1.029986797042139
131	58	1.0210670208005295
122	59	1.0198071956870982
346	60	1.0197598225585431
170	61	1.012484612895171
99	62	1.0107034784276776
187	63	1.0095572409325808
369	64	1.008512946189447
168	65	1.0047678611764155
237	66	0.9846916602681866
79	67	0.9838514679771628
310	68	0.9689786651450665
341	69	0.9531062577330013
279	70	0.9411836428227383
318	71	0.9343162556368718
340	72	0.926916054193823
4	73	0.9210607671263538
276	74	0.9168701152048717
356	75	0.9105871859210855
128	76	0.906232801404773
326	77	0.9030375547921269
55	78	0.9009897344944102
30	79	0.8992932748229888
397	80	0.8970176677630178
373	81	0.8891613182949505
146	82	0.879886594356249
327	83	0.8765612528072902
398	84	0.8720539871566617
71	85	0.8706707995742339
9	86	0.8677774575759848
322	87	0.8659898303674975
66	88	0.8575125073522121
39	89	0.8499668513166847
32	90	0.8333282173951445
151	91	0.8287564676570023
364	92	0.8241275447694402
67	93	0.811847290214287
362	94	0.8075829943768733
125	95	0.8055213727303543
144	96	0.8053310017870949
37	97	0.8018435076320092
90	98	0.7867500958838682
166	99	0.7857291034662794
34	100	0.7767661447027102
392	101	0.77298758892691
231	102	0.7651795086930195
335	103	0.7621434445250717
53	104	0.7604739118013462
325	105	0.7596296622026163
76	106	0.7560312548215665
413	107	0.7547136199692926
395	108	0.7441714782047267
366	109	0.727979462803227
50	110	0.7269454239570547
339	111	0.7224455720498941
13	112	0.7212664226224978
120	113	0.7190724722378073
43	114	0.7081875877233892
230	115	0.7041795762996084
317	116	0.7000103868254896
165	117	0.6997474809491766
3	118	0.6960750656653132
358	119	0.6918810160103377
42	120	0.6873937292321199
328	121	0.682945282194229
28	122	0.6756212476267675
343	123	0.6747383784608575
169	124	0.6708742910075347
85	125	0.6685688411998099
189	126	0.6674828927510641
100	127	0.6607231844497677
61	128	0.6583218394773438
94	129	0.6558665879624986
148	130	0.6513904081016614
320	131	0.6463389866615701
264	132	0.6462963835646467
152	133	0.6420390956254295
52	134	0.639788060672883
161	135	0.6333302997602271
164	136	0.6282631456476251
74	137	0.6267729818445591
344	138	0.6185049870781281
111	139	0.6170839876151177
33	140	0.6053349060757566
225	141	0.5971982349404732
400	142	0.5970461471227275
249	143	0.5958209115256369
75	144	0.5951226384765342
108	145	0.5949328040086445
234	146	0.5946004584767813
218	147	0.5910869214733818
81	148	0.5900378247941029
40	149	0.5886300151640536
58	150	0.5868575631969598
96	151	0.5784871270919023
232	152	0.5781601602648755
304	153	0.5780963548169511
103	154	0.5774241025704846
143	155	0.5771756558531135
160	156	0.576486421561923
38	157	0.5750670628179806
92	158	0.574717534037021
359	159	0.5726429660317582
323	160	0.5711480149534303
256	161	0.5700835055096733
236	162	0.5686620104964106
163	163	0.5684556402462432
383	164	0.56399844468122
414	165	0.5633379621175596
54	166	0.5630235079036862
68	167	0.5624504387924536
312	168	0.5612792026410742
334	169	0.5603449294540335
105	170	0.5595305504362027
88	171	0.5592174450664795
315	172	0.5531072433165984
77	173	0.5512123838204043
311	174	0.5506915779465039
182	175	0.5447915210663085
126	176	0.5426382599334907
121	177	0.5426280515252073
51	178	0.5401592652064509
412	179	0.5358144715165037
89	180	0.5349605817368012
301	181	0.5340115758373987
56	182	0.5326935770112501
153	183	0.5309647379975374
72	184	0.5308226305226477
393	185	0.5276218640902843
95	186	0.5259327026740497
136	187	0.5223861200242359
219	188	0.5189748138454969
347	189	0.5182739001188426
5	190	0.5166553751228737
209	191	0.5156872020124235
181	192	0.5131440267412949
1	193	0.5105634678579735
295	194	0.5087155406798397
402	195	0.506580973954198
262	196	0.4998396703312634
405	197	0.49980487448100486
25	198	0.49511551041330404
62	199	0.49490956991769885
139	200	0.4939984176968638
106	201	0.49188312377543364
155	202	0.491499229729818
382	203	0.4901677193347859
302	204	0.49004531902577464
119	205	0.4887891476616004
24	206	0.4885233524454348
17	207	0.4870339728230783
113	208	0.4832934822127943
251	209	0.48189341914802397
159	210	0.48076507201099355
87	211	0.4791181678054426
208	212	0.47906849600244344
348	213	0.4777102259780662
69	214	0.4763681112723232
129	215	0.4755804247498582
227	216	0.4745054833666503
14	217	0.47406112409713824
391	218	0.47349514613242183
396	219	0.46847236212575594
365	220	0.46846710291916416
73	221	0.4664026495416286
303	222	0.46555438365215507
316	223	0.46457404981523887
360	224	0.461766345172009
221	225	0.4605406208387281
250	226	0.4597556216804905
338	227	0.45885294902509627
331	228	0.4587281235239774
367	229	0.4577158217746586
229	230	0.45682206795811947
263	231	0.4539514560198005
109	232	0.4506188024378461
233	233	0.44992785147332165
266	234	0.44861455116071003
292	235	0.4455473727564146
394	236	0.44476846029478845
177	237	0.44446113040083746
345	238	0.4442454535416491
10	239	0.4405859165570064
147	240	0.4373829533905172
78	241	0.43632621077674805
48	242	0.4340363706286591
368	243	0.43155271851025834
44	244	0.4304143616443351
337	245	0.42705933345802327
149	246	0.42436077158555213
138	247	0.42260597858694876
46	248	0.4201361161671096
314	249	0.4200926655720155
80	250	0.41817410048751996
93	251	0.41682908080951153
29	252	0.41491385622787763
2	253	0.4146757473363148
204	254	0.41379835228366535
107	255	0.412504563990306
8	256	0.4015997373151544
154	257	0.39887840857441537
137	258	0.39837252995527184
22	259	0.39573932568573617
282	260	0.39538183936922866
377	261	0.39394022868297524
333	262	0.3937383836398719
47	263	0.39117432547936865
199	264	0.3900940956960625
210	265	0.3893694251773059
11	266	0.38360642242380477
239	267	0.38294596611202175
97	268	0.37842167921096226
415	269	0.3777469093339102
388	270	0.3774441902680274
215	271	0.3769099576314553
21	272	0.3757060897428416
114	273	0.37338173129717045
255	274	0.37290960918979277
272	275	0.36694036567480814
183	276	0.3658102434517366
145	277	0.3656547813515189
387	278	0.36316578771488073
228	279	0.36293237499471626
260	280	0.3625336064277178
319	281	0.36173619990206396
222	282	0.36168165113542733
12	283	0.36107233315507736
142	284	0.3608475988256454
385	285	0.3605248628178547
379	286	0.359134686876021
60	287	0.3591079223070775
19	288	0.35593324914270164
130	289	0.3543518347859537
296	290	0.351353158852127
298	291	0.350662257270819
246	292	0.34965055601609224
294	293	0.3495704140614048
212	294	0.34933716316687374
216	295	0.3492816516622391
267	296	0.3467068851949739
26	297	0.34420895252046657
305	298	0.3439540490094619
20	299	0.34352173215010523
172	300	0.3434621805755518
23	301	0.34238620784213286
123	302	0.3421947205546653
245	303	0.3408511796891417
202	304	0.3398297098780925
198	305	0.3394371835681378
357	306	0.3385767517473399
156	307	0.33837482399909186
372	308	0.33623667886552533
371	309	0.3349164313137784
132	310	0.33262595904694203
205	311	0.32945716637086775
157	312	0.3266255541624221
57	313	0.32609338436940183
35	314	0.3249879968680741
116	315	0.32399635508930363
240	316	0.3214238463788178
299	317	0.321300697990905
376	318	0.32073391043093935
401	319	0.32011816244436536
244	320	0.32003998912001147
214	321	0.31756450244110007
101	322	0.31682544352646974
206	323	0.31597680567158143
410	324	0.31325601503786865
389	325	0.312264357193467
65	326	0.31172458011576304
258	327	0.31036925049485475
270	328	0.30775482890481587
196	329	0.30751801480348345
86	330	0.30722980973304564
59	331	0.3070732048234766
352	332	0.3070096485822586
273	333	0.305995701362147
158	334	0.30578617311326073
213	335	0.3030997728541289
223	336	0.30162727570877773
178	337	0.3012508649978953
112	338	0.3008718572027108
200	339	0.29944202384663715
6	340	0.2993810257730685
226	341	0.29920931597624145
31	342	0.29892709478758117
257	343	0.29584676242373664
184	344	0.29581433016934755
306	345	0.29548670292869117
98	346	0.29332957885001076
173	347	0.2925683557357713
41	348	0.29243724772300606
324	349	0.29202126628260394
150	350	0.28936892234213707
286	351	0.2867497395790465
280	352	0.28583460759358803
281	353	0.28583460759358803
180	354	0.28559928061871565
363	355	0.2854745816177847
220	356	0.28370069068333187
332	357	0.2818303197266041
300	358	0.27840061459598836
203	359	0.2783874459918807
211	360	0.27796213544715864
380	361	0.27545604131037843
285	362	0.27517992789412316
247	363	0.2742339020182793
63	364	0.2735638267098266
259	365	0.272241285793349
70	366	0.2708114815301871
110	367	0.2700907078182172
197	368	0.2700743012701149
176	369	0.2699643421514828
290	370	0.26597990610558475
64	371	0.26591872489626245
407	372	0.26542604689274607
124	373	0.2649051435985457
287	374	0.2569978962132953
283	375	0.2528847446200835
284	376	0.25216129638637014
162	377	0.24831840304237468
82	378	0.2448732818588253
378	379	0.24418929465929246
254	380	0.24178011295775992
179	381	0.23890084454810226
289	382	0.2377583531717945
195	383	0.23735023989358375
330	384	0.2369091521772987
253	385	0.23553398056881586
288	386	0.23511025600889324
403	387	0.22208589591160205
140	388	0.21518723273957113
265	389	0.2051837364189753
361	390	0.20504113783927969
342	391	0.2044916059416016
171	392	0.2044191211113413
268	393	0.20354235357502387
353	394	0.20184649495174029
351	395	0.200618555328763
390	396	0.1991240887509042
277	397	0.1988130850591998
83	398	0.19474919374216065
224	399	0.19325500821794162
201	400	0.19204928095316787
185	401	0.19004767681282375
18	402	0.18166993286019395
248	403	0.1781405318937273
261	404	0.17600493508163673
381	405	0.17372100373227728
297	406	0.17242829376122126
386	407	0.17134010921997317
406	408	0.17000298661299357
271	409	0.1669797306399502
193	410	0.15757352693498822
133	411	0.1544029601273343
321	412	0.15069927341788014
293	413	0.1390705075670413
194	414	0.1375859285477632
355	415	0.12841916629445582
